PREDICTIONS FROM TEST DATA: [1, 7, 4, 10, 5, 6, 9, 8, 9, 10]

ACCURACY: 0.6

CONFUSION MATRIX:
[[1 0 0 0 0 0 0 0 0 0]
 [0 0 0 0 0 0 1 0 0 0]
 [0 0 0 1 0 0 0 0 0 0]
 [0 0 0 0 0 0 0 0 0 1]
 [0 0 0 0 1 0 0 0 0 0]
 [0 0 0 0 0 1 0 0 0 0]
 [0 0 0 0 0 0 0 0 1 0]
 [0 0 0 0 0 0 0 1 0 0]
 [0 0 0 0 0 0 0 0 1 0]
 [0 0 0 0 0 0 0 0 0 1]]


             precision    recall  f1-score   support

         P1       1.00      1.00      1.00         1
         P2       0.00      0.00      0.00         1
         P3       0.00      0.00      0.00         1
         P4       0.00      0.00      0.00         1
         P5       1.00      1.00      1.00         1
         P6       1.00      1.00      1.00         1
         P7       0.00      0.00      0.00         1
         P8       1.00      1.00      1.00         1
         P9       0.50      1.00      0.67         1
        P10       0.50      1.00      0.67         1

avg / total       0.50      0.60      0.53        10
